                                        
0111111111111110       0000             
00111111111111000  0000011000           
0001111111111000   000011110            
 001111111111000   000110010            
 000111111111111111111110000            
   0111111111111111111110 0             
   001111111111111111110                
   0001111111111111111   000            
   0000111111111111110 0011             
  1100011000000000110 001001            
 0110001100000000011000000010           
  111111111111111111111111100           
  111111111111111111111111000           
  0000000000000000000000000             