                              
                              
                              
                 000          
                00100         
               0011100        
              00111110        
                  1           
                  1           
     1            1           
    111                       
   11111                      
     1                        
     1                        
     1                        
     1                        
                              
                              
                              