          01100               
         0111100              
       00110011000            
     00011000011000           
     0011      11000          
   00011       011000         
  000110        011000        
  001100        0011000       
 00110     11    0 11000      
 0110     1111      1100      
 110     111111     011       
  0     11100111     0        
       1100000011             
      110 0000 011            
     110  0000  011           
    110   0000   011          
      0   00000               
          0000                
          0000                