                         
                  1      
                 111     
                11111    
               1111111   
   0             111     
   0             111     
   0  1          111     
  00 111         111     
 00011111                
0001111111               
00000111                 
00000111                 
 0000111                 
 0000111                 
 0000                    
 000                     
   0                     
                         