                         
    01111111111111110    
    01111111111111110    
    01111111111111110    
        0000000000       
      00000000000        
                         
                         
                         
                         
                         
                         
                         
                         
                         
                         
                         
                         
                         