00000000000000000000000000000000000000000000000
00010001000000000100000001111001000000000000010
00010001000011111111111000001001010011111000010
01111111110000000100000001010000100010001000010
00010001000001111111110000100000101010101011111
11111111111000000000000001111011110010101000010
00010001000001111111110010001010101010101000110
00101000100001000000010001111010110010101000110
01001000010001111111110001000100000010101001010
10001101001000100000100001111011110010101010010
00101010100011111111111000001010010000100100010
01001010100001000000010000001001100001010000010
00011000000001111111110000110110010010001000110
