                                        
  11 11 1111 1111 1111 1   1            
  1 1 1 1    1  1 1  1  101             
  1 1 1 111  111  111    1              
  1   1 1    1 10 1 1    1              
  1   1 1111 1  1 1  1   1              
                     0                  
   1   1 11 11  11  111010              
    1 1  1 1 1 10 1 100010              
     1   101 1 1111 111010              
    1 1  10  1 1  1 0010 0              
   10  1 1   1 1  1 111010              
  0     0           0000                
                                        
                                        