11  11  11  11  11  11  110 11
 11  11  11  11  11  11  11  1
  11  11  11  11  11  11  11  
1  11  11  11  11  11  11  11 
11  11  11  11  11  11  11  11
 11  11  11  11  11  11  11  1
  11  11  11  11  11  11  11  
1  11  11  11  11  11  11  11 
11  11  11  11  11  11  11  11
 11  11  11  11  11  11  11  1
  11  11  11  11  11  11  11  
10 11  11  11  11  11  11  11 
11  11  11  11  11  11  11  11
 11  11  11  11  11  11  11  1
  11  11  11  11  11  11  11  
1  11  11  11  11  11  11  11 
11  11  11  11  11  11  11  11
 11  11  11  11  11  11  11  1
  11  11  11  11  11  11  11  