00000000000000000000000000000000000000000000000
00000100000000000010000000100000000000000100000
00001010000011110111110000100111111011111111111
00010001000000010100010000100100001000000100000
00100000100010010101010011110100001001111111110
11011111011001010100110000100100110000000000000
00000100000001010100000000100100000001111111110
00000100000000100111111000110111111001000000010
01111111110000100000001011100101001001111111110
00000100000001010000001000100101010000100000100
00100100100001011111101000100100100011111111111
00010101000010010000001000100101010001000000010
11111111111000000000110001100110001001111111110
