                              
                              
                              
                              
                              
                              
                              
 01111111           11111110  
 01111111           11111110  
 01111111           11111110  
  1111111           11111110  
           11111110        0  
           11111110           
           11111110           
           11111110           
                              
                              
                              
                              