00000000000000000000000000000000000000000000000
00010000001000000100000000100010000000000011100
01111101110001111111110000100010000001111100000
00000001000000001010000000101111110001000000000
01000101000000111111100010110010010001000100000
00101001111000010001000010100010010001000100000
11111101010011111111111010100010010001111111110
00010001010000100000100010111111111000000100000
01111101010001111111110000100010000000100100100
00010001010010100000101000100101000000100100010
01010101010000111111100000100101000001000100001
10010010010000100000100000101000100010000100001
00110100010000111111100000110000011000011100000