0010000000000000100000000000000000100000000000000000100000000000
0111000000000001110000000000000001110000000000000001110000000000
1111100000000011111000000000000011111000000000000011111000000000
0111000000000001110000000000000001110000000000000001110000000000
0010000000000000100000000000000000100000000000000000100000000000
0000000000000000000000000000000000000000000000000000000000000000
0000000000010000000000000100000000000000000100000000000000000100
0000000000111000000000001110000000000000001110000000000000001110
0000000001111100000000011111000000000000011111000000000000011111
0000000000111000000000001110000000000000001110000000000000001110
0000000000010000000000000100000000000000000100000000000000000100