                         
                         
                         
                         
                         
                         
                         
       0     0           
      111   1110         
     11111 11111         
    1111111111111        
   1110 11111 0111       
 01110  11111  01110     
01111   01110  011110    
01111    010    11110    
 0110           0110     
  000            00      
                         
                         